6780324	A:104:107	1	0.5
6780324	A:1136:1147	2	0.5
6780324	A:1497:1500	3	0.5
6780324	A:162:167	4	0.5
6780324	A:17:21	5	0.5
6780324	A:319:330	6	0.5
6780324	A:448:452	7	0.5
6780324	A:461:481	8	0.5
6780324	A:50:63	9	0.5
6780324	A:733:742	10	0.5
6780324	A:757:784	11	0.5
6780324	A:84:94	12	0.5
6780324	T:158:163	13	0.5
2231607	A:1027:1036	1	0.5
2231607	A:114:134	2	0.5
2231607	A:17:26	3	0.5
2231607	A:17:56	4	0.5
2231607	A:215:222	5	0.5
2231607	A:223:275	6	0.5
2231607	A:297:323	7	0.5
2231607	A:406:425	8	0.5
2231607	A:480:491	9	0.5
2231607	A:502:504	10	0.5
2231607	A:57:61	11	0.5
2231607	A:635:638	12	0.5
2231607	A:657:670	13	0.5
2231607	A:682:686	14	0.5
2231607	A:70:80	15	0.5
2231607	A:82:108	16	0.5
2231607	A:853:859	17	0.5
2231607	T:0:11	18	0.5
2231607	T:144:146	19	0.5
2231607	T:23:34	20	0.5
2231607	T:56:96	21	0.5
2231607	T:97:101	22	0.5
2944474	A:1011:1014	1	0.5
2944474	A:111:114	2	0.5
2944474	A:1487:1498	3	0.5
2944474	A:1942:1946	4	0.5
2944474	A:2114:2118	5	0.5
2944474	A:2331:2340	6	0.5
2944474	A:353:356	7	0.5
2944474	A:528:532	8	0.5
596853	A:1272:1278	1	0.5
596853	A:1279:1288	2	0.5
596853	A:1292:1300	3	0.5
596853	A:1313:1317	4	0.5
596853	A:1358:1394	5	0.5
596853	A:1416:1421	6	0.5
596853	A:152:158	7	0.5
596853	A:165:169	8	0.5
596853	A:208:215	9	0.5
596853	A:353:360	10	0.5
596853	A:44:56	11	0.5
596853	A:44:59	12	0.5
596853	A:458:464	13	0.5
596853	A:489:511	14	0.5
596853	A:549:558	15	0.5
596853	A:559:566	16	0.5
596853	A:602:627	17	0.5
596853	A:60:68	18	0.5
596853	A:692:713	19	0.5
596853	A:933:939	20	0.5
596853	A:940:949	21	0.5
596853	A:978:983	22	0.5
596853	T:29:44	23	0.5
﻿17371003	A:1029:1033	1	0.5
﻿17371003	A:104:110	2	0.5
﻿17371003	A:1074:1083	3	0.5
﻿17371003	A:1087:1092	4	0.5
﻿17371003	A:116:119	5	0.5
﻿17371003	A:142:154	6	0.5
﻿17371003	A:156:168	7	0.5
﻿17371003	A:170:186	8	0.5
﻿17371003	A:192:205	9	0.5
﻿17371003	A:192:206	10	0.5
﻿17371003	A:224:228	11	0.5
﻿17371003	A:254:263	12	0.5
﻿17371003	A:268:281	13	0.5
﻿17371003	A:611:636	14	0.5
﻿17371003	A:641:671	15	0.5
﻿17371003	A:735:781	16	0.5
﻿17371003	A:930:979	17	0.5
﻿17371003	T:0:8	18	0.5
﻿17371003	T:10:22	19	0.5
﻿17371003	T:28:36	20	0.5
﻿17371003	T:51:71	21	0.5
3656362	A:113:121	1	0.5
3656362	A:13:41	2	0.5
3656362	A:13:42	3	0.5
3656362	A:181:200	4	0.5
3656362	A:181:231	5	0.5
3656362	A:267:275	6	0.5
3656362	A:47:107	7	0.5
3656362	A:47:75	8	0.5
3656362	A:576:612	9	0.5
3656362	T:23:78	10	0.5
3656362	T:82:90	11	0.5
6264792	A:111:116	1	0.5
6264792	A:173:189	2	0.5
6264792	A:191:194	3	0.5
6264792	A:199:207	4	0.5
6264792	A:233:236	5	0.5
6264792	A:458:461	6	0.5
6264792	A:525:536	7	0.5
6264792	A:936:944	8	0.5
6264792	T:14:19	9	0.5
1350435	A:1049:1054	1	0.5
1350435	A:104:107	2	0.5
1350435	A:1099:1108	3	0.5
1350435	A:1109:1118	4	0.5
1350435	A:1119:1146	5	0.5
1350435	A:1148:1153	6	0.5
1350435	A:1148:1156	7	0.5
1350435	A:167:170	8	0.5
1350435	A:175:182	9	0.5
1350435	A:214:222	10	0.5
1350435	A:238:245	11	0.5
1350435	A:353:362	12	0.5
1350435	A:363:371	13	0.5
1350435	A:372:396	14	0.5
1350435	A:428:453	15	0.5
1350435	A:455:461	16	0.5
1350435	A:497:501	17	0.5
1350435	A:556:561	18	0.5
1350435	A:650:656	19	0.5
1350435	A:683:691	20	0.5
1350435	A:825:839	21	0.5
1350435	A:840:849	22	0.5
1350435	A:8:18	23	0.5
1350435	A:963:966	24	0.5
1350435	T:0:10	25	0.5
1350435	T:73:82	26	0.5
15620433	A:151:152	1	0.5
15620433	A:204:209	2	0.5
15620433	A:37:50	3	0.5
15620433	A:416:423	4	0.5
15620433	A:425:428	5	0.5
15620433	A:454:459	6	0.5
15620433	A:484:497	7	0.5
15620433	A:647:661	8	0.5
15620433	A:652:661	9	0.5
15620433	A:694:700	10	0.5
15620433	A:737:745	11	0.5
15620433	A:842:866	12	0.5
15620433	T:59:72	13	0.5
7040662	A:0:9	1	0.5
7040662	A:1023:1026	2	0.5
7040662	A:117:157	3	0.5
7040662	A:11:25	4	0.5
7040662	A:1278:1283	5	0.5
7040662	A:1299:1314	6	0.5
7040662	A:1320:1348	7	0.5
7040662	A:160:174	8	0.5
7040662	A:1638:1646	9	0.5
7040662	A:180:208	10	0.5
7040662	A:215:222	11	0.5
7040662	A:228:244	12	0.5
7040662	A:27:30	13	0.5
7040662	A:284:287	14	0.5
7040662	A:292:298	15	0.5
7040662	A:367:380	16	0.5
7040662	A:367:381	17	0.5
7040662	A:545:553	18	0.5
7040662	A:562:564	19	0.5
7040662	A:578:587	20	0.5
7040662	A:57:59	21	0.5
7040662	A:57:65	22	0.5
7040662	A:596:598	23	0.5
7040662	A:60:61	24	0.5
7040662	A:614:624	25	0.5
7040662	A:626:628	26	0.5
7040662	A:71:85	27	0.5
7040662	A:72:73	28	0.5
7040662	A:87:112	29	0.5
7040662	T:15:25	30	0.5
7040662	T:171:180	31	0.5
7040662	T:182:196	32	0.5
7040662	T:218:226	33	0.5
7040662	T:253:262	34	0.5
7040662	T:289:300	35	0.5
7040662	T:7:14	36	0.5
6827523	A:1017:1066	1	0.5
6827523	A:1134:1139	2	0.5
6827523	A:1140:1149	3	0.5
6827523	A:131:138	4	0.5
6827523	A:16:36	5	0.5
6827523	A:177:187	6	0.5
6827523	A:222:261	7	0.5
6827523	A:332:363	8	0.5
6827523	A:368:378	9	0.5
6827523	A:393:433	10	0.5
6827523	A:42:48	11	0.5
6827523	A:52:60	12	0.5
6827523	A:557:586	13	0.5
6827523	A:620:640	14	0.5
6827523	A:646:651	15	0.5
6827523	A:653:673	16	0.5
6827523	A:679:698	17	0.5
6827523	A:803:815	18	0.5
6827523	A:81:90	19	0.5
6827523	A:850:855	20	0.5
6827523	A:91:100	21	0.5
6827523	A:973:1012	22	0.5
6827523	A:995:1012	23	0.5
6827523	T:0:10	24	0.5
6827523	T:74:92	25	0.5
721701	A:0:17	1	0.5
721701	A:265:267	2	0.5
721701	A:724:734	3	0.5
11985471	A:1115:1155	1	0.5
11985471	A:1157:1161	2	0.5
11985471	A:120:188	3	0.5
11985471	A:1335:1338	4	0.5
11985471	A:1660:1667	5	0.5
11985471	A:199:261	6	0.5
11985471	A:202:237	7	0.5
11985471	A:314:321	8	0.5
11985471	A:322:327	9	0.5
11985471	A:335:342	10	0.5
11985471	A:373:387	11	0.5
11985471	A:389:393	12	0.5
11985471	A:39:49	13	0.5
11985471	A:433:457	14	0.5
11985471	A:469:473	15	0.5
11985471	A:480:486	16	0.5
11985471	A:50:61	17	0.5
11985471	A:532:535	18	0.5
11985471	A:592:599	19	0.5
11985471	A:622:646	20	0.5
11985471	A:63:113	21	0.5
11985471	A:658:663	22	0.5
11985471	A:705:709	23	0.5
11985471	A:756:761	24	0.5
11985471	A:875:881	25	0.5
11985471	A:91:113	26	0.5
11985471	T:52:62	27	0.5
11985471	T:63:74	28	0.5
7205876	A:1026:1062	1	0.5
7205876	A:106:118	2	0.5
7205876	A:120:134	3	0.5
7205876	A:140:153	4	0.5
7205876	A:17:43	5	0.5
7205876	A:234:271	6	0.5
7205876	A:277:289	7	0.5
7205876	A:290:298	8	0.5
7205876	A:334:343	9	0.5
7205876	A:344:354	10	0.5
7205876	A:358:370	11	0.5
7205876	A:394:406	12	0.5
7205876	A:426:432	13	0.5
7205876	A:496:505	14	0.5
7205876	A:512:545	15	0.5
7205876	A:567:573	16	0.5
7205876	A:578:584	17	0.5
7205876	A:585:592	18	0.5
7205876	A:63:68	19	0.5
7205876	A:69:77	20	0.5
7205876	A:775:778	21	0.5
7205876	A:83:104	22	0.5
7205876	A:945:953	23	0.5
7205876	A:954:970	24	0.5
7205876	A:954:998	25	0.5
7205876	T:30:60	26	0.5
7205876	T:81:86	27	0.5
7205876	T:87:92	28	0.5
14591846	A:1096:1101	1	0.5
14591846	A:1199:1206	2	0.5
14591846	A:1270:1277	3	0.5
14591846	A:404:410	4	0.5
14591846	A:479:483	5	0.5
14591846	A:903:909	6	0.5
14591846	A:965:969	7	0.5
14591846	A:995:1000	8	0.5
16946562	A:155:160	1	0.5
16946562	A:19:29	2	0.5
16946562	A:264:269	3	0.5
16946562	A:270:274	4	0.5
16946562	A:529:541	5	0.5
16946562	A:560:571	6	0.5
16946562	A:588:607	7	0.5
16946562	A:966:971	8	0.5
16946562	T:69:75	9	0.5
16033265	A:11:19	1	0.5
16033265	A:1240:1285	2	0.5
16033265	A:1363:1395	3	0.5
16033265	A:1439:1472	4	0.5
16033265	A:1556:1561	5	0.5
16033265	A:1704:1743	6	0.5
16033265	A:1773:1808	7	0.5
16033265	A:177:199	8	0.5
16033265	A:2036:2044	9	0.5
16033265	A:2083:2115	10	0.5
16033265	A:209:213	11	0.5
16033265	A:21:128	12	0.5
16033265	A:419:426	13	0.5
16033265	A:638:640	14	0.5
16033265	A:743:763	15	0.5
10783907	A:1450:1454	1	0.5
10783907	A:1688:1698	2	0.5
10783907	A:1966:1976	3	0.5
10783907	A:553:555	4	0.5
10783907	A:686:689	5	0.5
10783907	A:90:94	6	0.5
10783907	A:924:928	7	0.5
5808825	A:110:118	1	0.5
5808825	A:127:134	2	0.5
5808825	A:155:171	3	0.5
5808825	A:155:179	4	0.5
5808825	A:157:171	5	0.5
5808825	A:17:22	6	0.5
5808825	A:184:200	7	0.5
5808825	A:184:208	8	0.5
5808825	A:377:393	9	0.5
5808825	A:52:60	10	0.5
5808825	A:554:560	11	0.5
5808825	A:637:651	12	0.5
5808825	A:667:677	13	0.5
5808825	A:678:682	14	0.5
5808825	A:79:91	15	0.5
5808825	A:79:92	16	0.5
5808825	A:921:931	17	0.5
5808825	A:97:104	18	0.5
5808825	T:21:37	19	0.5
5808825	T:84:97	20	0.5
10813108	A:0:9	1	0.5
10813108	A:122:131	2	0.5
10813108	A:158:168	3	0.5
10813108	A:208:220	4	0.5
10813108	A:241:247	5	0.5
10813108	A:248:253	6	0.5
10813108	A:27:37	7	0.5
10813108	A:583:590	8	0.5
10813108	A:591:598	9	0.5
10813108	T:38:50	10	0.5
10813108	T:69:76	11	0.5
6292417	A:124:168	1	0.5
6292417	A:17:59	2	0.5
6292417	A:184:228	3	0.5
6292417	A:264:282	4	0.5
6292417	A:289:293	5	0.5
6292417	A:313:341	6	0.5
6292417	A:368:410	7	0.5
6292417	A:450:492	8	0.5
6292417	A:469:492	9	0.5
6292417	A:60:64	10	0.5
6292417	A:70:112	11	0.5
6292417	A:828:833	12	0.5
6292417	A:963:973	13	0.5
6292417	T:0:8	14	0.5
6292417	T:31:51	15	0.5
6292417	T:52:56	16	0.5
6292417	T:52:57	17	0.5
6292417	T:61:79	18	0.5
14998335	A:1094:1096	1	0.5
14998335	A:1174:1180	2	0.5
14998335	A:1241:1309	3	0.5
14998335	A:140:191	4	0.5
14998335	A:1508:1516	5	0.5
14998335	A:1592:1598	6	0.5
14998335	A:174:180	7	0.5
14998335	A:174:191	8	0.5
14998335	A:1894:1962	9	0.5
14998335	A:193:205	10	0.5
14998335	A:2045:2054	11	0.5
14998335	A:207:210	12	0.5
14998335	A:232:301	13	0.5
14998335	A:315:318	14	0.5
14998335	A:350:391	15	0.5
14998335	A:392:411	16	0.5
14998335	A:479:492	17	0.5
14998335	A:612:628	18	0.5
14998335	A:612:662	19	0.5
14998335	A:62:75	20	0.5
14998335	A:805:817	21	0.5
14998335	A:827:829	22	0.5
14998335	A:851:853	23	0.5
14998335	A:860:873	24	0.5
14998335	A:87:91	25	0.5
14998335	A:881:883	26	0.5
14998335	A:934:938	27	0.5
14998335	T:111:115	28	0.5
14998335	T:37:55	29	0.5
14998335	T:4:23	30	0.5
16329601	A:1225:1235	1	0.5
16329601	A:133:139	2	0.5
16329601	A:141:151	3	0.5
16329601	A:153:168	4	0.5
16329601	A:170:180	5	0.5
16329601	A:182:192	6	0.5
16329601	A:194:203	7	0.5
16329601	A:205:213	8	0.5
16329601	A:215:225	9	0.5
16329601	A:231:239	10	0.5
16329601	A:278:281	11	0.5
16329601	A:340:343	12	0.5
16329601	A:384:394	13	0.5
16329601	A:395:402	14	0.5
16329601	A:432:438	15	0.5
16329601	A:439:447	16	0.5
16329601	A:523:531	17	0.5
16329601	A:555:560	18	0.5
16329601	A:769:771	19	0.5
16329601	A:782:784	20	0.5
16329601	A:840:858	21	0.5
16329601	T:37:43	22	0.5
2329575	A:122:138	1	0.5
2329575	A:146:183	2	0.5
2329575	A:185:194	3	0.5
2329575	A:185:207	4	0.5
2329575	A:212:248	5	0.5
2329575	A:250:272	6	0.5
2329575	A:345:355	7	0.5
2329575	A:356:367	8	0.5
2329575	A:36:46	9	0.5
2329575	A:376:407	10	0.5
2329575	A:425:441	11	0.5
2329575	A:468:495	12	0.5
2329575	A:511:560	13	0.5
2329575	A:562:578	14	0.5
2329575	A:612:619	15	0.5
2329575	A:62:99	16	0.5
2329575	A:689:700	17	0.5
2329575	A:701:705	18	0.5
2329575	A:745:750	19	0.5
2329575	A:852:855	20	0.5
2329575	A:867:934	21	0.5
2329575	A:936:953	22	0.5
2329575	T:106:123	23	0.5
2329575	T:36:101	24	0.5
2299637	A:1029:1032	1	0.5
2299637	A:1140:1145	2	0.5
2299637	A:1198:1208	3	0.5
2299637	A:1227:1238	4	0.5
2299637	A:1258:1268	5	0.5
2299637	A:1288:1300	6	0.5
2299637	A:138:141	7	0.5
2299637	A:149:154	8	0.5
2299637	A:16:41	9	0.5
2299637	A:16:57	10	0.5
2299637	A:170:193	11	0.5
2299637	A:1722:1751	12	0.5
2299637	A:1765:1769	13	0.5
2299637	A:1943:1945	14	0.5
2299637	A:201:234	15	0.5
2299637	A:2049:2059	16	0.5
2299637	A:209:234	17	0.5
2299637	A:242:256	18	0.5
2299637	A:268:303	19	0.5
2299637	A:327:338	20	0.5
2299637	A:339:344	21	0.5
2299637	A:350:358	22	0.5
2299637	A:350:360	23	0.5
2299637	A:361:369	24	0.5
2299637	A:370:374	25	0.5
2299637	A:402:427	26	0.5
2299637	A:42:57	27	0.5
2299637	A:441:446	28	0.5
2299637	A:45:57	29	0.5
2299637	A:50:57	30	0.5
2299637	A:527:533	31	0.5
2299637	A:534:543	32	0.5
2299637	A:578:622	33	0.5
2299637	A:754:795	34	0.5
2299637	A:802:806	35	0.5
2299637	A:976:985	36	0.5
2299637	T:108:115	37	0.5
2299637	T:118:143	38	0.5
2299637	T:50:60	39	0.5
2299637	T:65:76	40	0.5
2299637	T:92:116	41	0.5
3735316	A:0:21	1	0.5
3735316	A:1011:1020	2	0.5
3735316	A:198:206	3	0.5
3735316	A:198:219	4	0.5
3735316	A:359:367	5	0.5
3735316	A:368:377	6	0.5
3735316	A:388:401	7	0.5
3735316	A:402:409	8	0.5
3735316	A:567:578	9	0.5
3735316	A:623:639	10	0.5
3735316	A:644:670	11	0.5
3735316	A:658:670	12	0.5
3735316	A:89:92	13	0.5
3735316	A:8:21	14	0.5
3735316	A:947:962	15	0.5
3735316	A:967:994	16	0.5
3735316	T:14:25	17	0.5
2104934	A:166:171	1	0.5
2104934	A:173:184	2	0.5
2104934	A:190:204	3	0.5
2104934	A:227:230	4	0.5
2104934	A:262:273	5	0.5
2104934	A:298:324	6	0.5
2104934	A:334:369	7	0.5
2104934	A:375:395	8	0.5
2104934	A:404:413	9	0.5
2104934	A:461:466	10	0.5
2104934	A:48:73	11	0.5
2104934	A:497:510	12	0.5
2104934	A:546:614	13	0.5
2104934	A:74:78	14	0.5
2104934	T:54:86	15	0.5
2104934	T:91:124	16	0.5
9120816	A:0:13	1	0.5
9120816	A:1097:1109	2	0.5
9120816	A:1584:1594	3	0.5
9120816	A:179:192	4	0.5
9120816	A:1897:1902	5	0.5
9120816	A:193:210	6	0.5
9120816	A:237:249	7	0.5
9120816	A:253:264	8	0.5
9120816	A:41:53	9	0.5
9120816	A:512:513	10	0.5
9120816	A:586:599	11	0.5
9120816	A:870:882	12	0.5
9120816	A:907:925	13	0.5
9120816	T:11:24	14	0.5
12672235	A:1046:1064	1	0.5
12672235	A:107:111	2	0.5
12672235	A:113:119	3	0.5
12672235	A:1216:1221	4	0.5
12672235	A:1247:1309	5	0.5
12672235	A:1316:1329	6	0.5
12672235	A:1370:1430	7	0.5
12672235	A:1437:1445	8	0.5
12672235	A:154:178	9	0.5
12672235	A:184:188	10	0.5
12672235	A:190:199	11	0.5
12672235	A:251:308	12	0.5
12672235	A:29:106	13	0.5
12672235	A:315:319	14	0.5
12672235	A:426:436	15	0.5
12672235	A:477:489	16	0.5
12672235	A:677:687	17	0.5
12672235	A:696:706	18	0.5
12672235	A:773:778	19	0.5
12672235	A:985:991	20	0.5
12672235	T:0:76	21	0.5
12672235	T:121:126	22	0.5
12672235	T:149:158	23	0.5
12672235	T:77:81	24	0.5
12553880	A:121:134	1	0.5
12553880	A:141:147	2	0.5
12553880	A:1475:1490	3	0.5
12553880	A:179:193	4	0.5
12553880	A:220:230	5	0.5
12553880	A:4:11	6	0.5
12553880	A:577:580	7	0.5
12553880	A:64:74	8	0.5
12553880	A:694:705	9	0.5
12553880	A:731:744	10	0.5
12553880	A:846:850	11	0.5
12553880	A:851:855	12	0.5
12553880	A:944:948	13	0.5
12553880	A:978:982	14	0.5
12553880	T:15:29	15	0.5
